input.I[6].O = [0.,0.]->2.12170653571e-128@+0.0006103515625->[0.,10.]
input.I[3].X = [1.,1.]->0.01@+0.->[0.,10.]
input.I[0].O = [0.,0.]->2.12170653571e-128@+8.54319924686e-125->[0.,10.]
mm[0].kr = [1.,1.]->1.@+0.->[0.0001,1.]
mm[0].Ytot = [0.15,0.15]->100.000143491@+0.->[0.0001,1000.]
input.V[2].X = [0.,0.]->2.12170653571e-128@+0.->[0.,3300.]
input.V[1].X = [0.,0.]->2.12170653571e-128@+0.->[0.,3300.]
iadd[3].B = [0.15,0.15]->2.12170653571e-128@+0.->[0.,5.]
mm[0].kf = [1.,1.]->0.01@+0.->[0.0001,0.01]
switch[0].SUB = [0.,0.]->2.12170653571e-128@+0.0006103515625->[0.,10.]
input.I[3].O = [1.,1.]->0.01@+0.->[0.,10.]
input.I[4].O = [1.,1.]->0.0006103515625@+0.->[0.,10.]
switch[0].PROD = [0.,0.11]->2.12170653571e-128@+8.54319924686e-125->[0.,10.]
output.V[1].X = [0.,0.15]->100.000143491@+0.->[0.,3300.]
input.I[5].X = [1.,1.]->1.@+0.->[0.,10.]
input.I[5].O = [1.,1.]->1.@+0.->[0.,10.]
input.I[7].X = [1.,1.]->0.000710345458984@+8.54319924686e-125->[0.,10.]
mm[0].X = [0.,0.11]->100.000143491@+0.->[-9999.9999,1000.]
mm[0].Y = [0.,0.15]->100.000143491@+0.->[-9999.9999,1000.]
mm[0].XY0 = [0.,1.]->100.000143491@+0.->[0.,60.]
output.I[0].X = [0.,0.15]->2.12170653571e-128@+0.->[0.,10.]
output.V[1].O = [0.,0.15]->100.000143491@+0.->[0.,3300.]
iadd[3].D = [0.,0.11]->2.12170653571e-128@+8.54319924686e-125->[0.,5.]
input.I[2].O = [0.15,0.15]->2.12170653571e-128@+0.->[0.,10.]
vdadd[2].A = [0.,0.]->2.12170653571e-128@+0.->[0.,3300.]
input.I[6].X = [0.,0.]->2.12170653571e-128@+0.0006103515625->[0.,10.]
output.I[0].O = [0.,0.15]->2.12170653571e-128@+0.->[0.,10.]
input.I[2].X = [0.15,0.15]->2.12170653571e-128@+0.->[0.,10.]
input.V[2].O = [0.,0.]->2.12170653571e-128@+0.->[0.,3300.]
input.V[3].O = [0.15,0.15]->100.000143491@+0.->[0.,3300.]
input.I[4].X = [1.,1.]->0.0006103515625@+0.->[0.,10.]
output.V[0].X = [0.,0.11]->100.000143491@+0.->[0.,3300.]
output.V[2].X = [0.,0.11]->2.12170653571e-128@+0.->[0.,3300.]
input.I[1].X = [0.,0.]->2.12170653571e-128@+8.54319924686e-125->[0.,10.]
input.I[1].O = [0.,0.]->2.12170653571e-128@+8.54319924686e-125->[0.,10.]
iadd[3].C = [0.,0.]->2.12170653571e-128@+8.54319924686e-125->[0.,5.]
vgain[1].X = [0.,0.11]->100.000143491@+0.->[0.,500.]
vdadd[2].OUT = [0.,0.11]->2.12170653571e-128@+0.->[0.,12000.]
output.V[0].O = [0.,0.11]->100.000143491@+0.->[0.,3300.]
input.I[7].O = [1.,1.]->0.000710345458984@+8.54319924686e-125->[0.,10.]
mm[0].Xtot = [0.11,0.11]->100.000143491@+0.->[0.0001,1000.]
input.V[1].O = [0.,0.]->2.12170653571e-128@+0.->[0.,3300.]
iadd[3].OUT = [0.,0.15]->2.12170653571e-128@+0.->[-10.,10.]
switch[0].Kmod = [1.,1.]->0.000710345458984@+8.54319924686e-125->[0.0001,10.]
input.V[6].X = [-500.,-500.]->2.12170653571e-128@+500.000760772->[0.,3300.]
mm[0].XY = [0.,0.11]->100.000143491@+0.->[0.,10000.]
input.V[3].X = [0.15,0.15]->100.000143491@+0.->[0.,3300.]
input.I[0].X = [0.,0.]->2.12170653571e-128@+8.54319924686e-125->[0.,10.]
output.V[3].O = [0.,0.11]->100.000143491@+0.->[0.,3300.]
vgain[1].Z = [0.,0.15]->2.12170653571e-128@+0.->[0.,10.]
vgain[1].P = [0.,0.0165]->2.12170653571e-128@+0.->[0.,5000.]
vdadd[2].D = [1.,1.]->0.0006103515625@+0.->[0.,10.]
vdadd[2].B = [0.,0.0165]->2.12170653571e-128@+0.->[0.,3300.]
output.V[2].O = [0.,0.11]->2.12170653571e-128@+0.->[0.,3300.]
switch[0].n = [-500.,-500.]->2.12170653571e-128@+500.000760772->[500.,3300.]
input.V[0].X = [0.11,0.11]->100.000143491@+0.->[0.,3300.]
input.V[0].O = [0.11,0.11]->100.000143491@+0.->[0.,3300.]
iadd[3].A = [0.,0.]->2.12170653571e-128@+8.54319924686e-125->[0.,5.]
input.V[6].O = [-500.,-500.]->2.12170653571e-128@+500.000760772->[0.,3300.]
vdadd[2].OUT_0 = [0.,0.]->2.12170653571e-128@+0.->[0.,3300.]
output.V[3].X = [0.,0.11]->100.000143491@+0.->[0.,3300.]
switch[0].Vmax = [0.,0.11]->2.12170653571e-128@+0.->[0.,10.]

