input.I[0].O = [1.,1.]->1.@+1.49417225247e-07->[0.,10.]
mm[0].Ytot = [0.11,0.11]->100.00069946@+1.49417225247e-07->[0.0001,1000.]
input.V[1].X = [0.,0.]->1.@+1.49417225247e-07->[0.,3300.]
mm[0].kr = [1.,1.]->1.@+1.49417225247e-07->[0.0001,1.]
input.V[2].X = [0.15,0.15]->1.@+0.->[0.,3300.]
mm[0].kf = [1.,1.]->0.01@+1.49417225247e-07->[0.0001,0.01]
output.V[1].X = [0.,0.15]->1.@+1.49417225247e-07->[0.,3300.]
mm[0].Y = [0.,0.11]->100.00069946@+1.49417225247e-07->[-9999.9999,1000.]
mm[0].X = [0.,0.15]->100.00069946@+1.49417225247e-07->[-9999.9999,1000.]
mm[0].XY0 = [0.,0.]->100.00069946@+1.49417225247e-07->[0.,60.]
output.V[1].O = [0.,0.15]->1.@+1.49417225247e-07->[0.,3300.]
input.V[2].O = [0.15,0.15]->100.00069946@+1.49417225247e-07->[0.,3300.]
output.V[0].X = [0.,0.11]->1.@+1.49417225247e-07->[0.,3300.]
output.V[2].X = [0.,0.11]->1.@+1.49417225247e-07->[0.,3300.]
input.I[1].O = [1.,1.]->0.01@+1.49417225247e-07->[0.,10.]
input.I[1].X = [1.,1.]->0.00121825181783@+1.49417225247e-07->[0.,10.]
output.V[0].O = [0.,0.11]->1.@+1.49417225247e-07->[0.,3300.]
input.V[1].O = [0.,0.]->100.00069946@+1.49417225247e-07->[0.,3300.]
mm[0].Xtot = [0.15,0.15]->100.00069946@+1.49417225247e-07->[0.0001,1000.]
mm[0].XY = [0.,0.11]->100.00069946@+1.49417225247e-07->[0.,10000.]
input.I[0].X = [1.,1.]->0.000609085756631@+1.49417225247e-07->[0.,10.]
output.V[2].O = [0.,0.11]->1.@+1.49417225247e-07->[0.,3300.]
input.V[0].X = [0.11,0.11]->1.@+1.97746244835e+307->[0.,3300.]
input.V[0].O = [0.11,0.11]->100.00069946@+1.49417225247e-07->[0.,3300.]

