input.I[0].O = [1.,1.]->3.37284566456e-07@+1.74840267499e-05->[0.,10.]
mm[0].kr = [1.,1.]->3.37284566456e-07@+1.74840267499e-05->[0.0001,1.]
mm[0].Ytot = [0.11,0.11]->0.000249854788636@+-8.92686321316e-06->[0.0001,1000.]
input.V[2].X = [0.15,0.15]->0.000249854788636@+-3.69699676393e-07->[0.,3300.]
input.V[1].X = [0.,0.]->0.000249854788636@+1.74840267499e-05->[0.,3300.]
mm[0].kf = [1.,1.]->8.12979197502e-05@+1.74840267499e-05->[0.0001,0.01]
output.V[1].X = [0.,0.15]->0.000249854788636@+1.74840267499e-05->[0.,3300.]
mm[0].X = [0.,0.15]->0.000249854788636@+1.74840267499e-05->[-9999.9999,1000.]
mm[0].Y = [0.,0.11]->0.000249854788636@+1.74840267499e-05->[-9999.9999,1000.]
mm[0].XY0 = [0.,0.]->0.000249854788636@+1.74840267499e-05->[0.,60.]
output.V[1].O = [0.,0.15]->0.000249854788636@+1.74840267499e-05->[0.,3300.]
input.V[2].O = [0.15,0.15]->0.000249854788636@+-3.69699676393e-07->[0.,3300.]
output.V[0].X = [0.,0.11]->0.000249854788636@+1.74840267499e-05->[0.,3300.]
output.V[2].X = [0.,0.11]->0.000249854788636@+1.74840267499e-05->[0.,3300.]
input.I[1].X = [1.,1.]->8.12979197502e-05@+1.74840267499e-05->[0.,10.]
input.I[1].O = [1.,1.]->8.12979197502e-05@+1.74840267499e-05->[0.,10.]
output.V[0].O = [0.,0.11]->0.000249854788636@+1.74840267499e-05->[0.,3300.]
mm[0].Xtot = [0.15,0.15]->0.000249854788636@+-3.69699676393e-07->[0.0001,1000.]
input.V[1].O = [0.,0.]->0.000249854788636@+1.74840267499e-05->[0.,3300.]
mm[0].XY = [0.,0.11]->0.000249854788636@+1.74840267499e-05->[0.,10000.]
input.I[0].X = [1.,1.]->3.37284566456e-07@+1.74840267499e-05->[0.,10.]
output.V[2].O = [0.,0.11]->0.000249854788636@+1.74840267499e-05->[0.,3300.]
input.V[0].X = [0.11,0.11]->0.000249854788636@+-8.92686321316e-06->[0.,3300.]
input.V[0].O = [0.11,0.11]->0.000249854788636@+-8.92686321316e-06->[0.,3300.]

