igenebind[4].TF = [0.,15.6]->0.547663353747@+0.->[0.,10.]
ihill_rep[5].REP = [0.0240543630064,15.6]->0.547663353747@+0.->[0.,80000.]
igenebind[4].GE = [0.802409638554,13.32]->0.547663353747@+0.->[0.,10.]
vdadd[0].OUT_0 = [0.,0.]->0.547663353747@+0.->[0.,3300.]
switch[3].n = [1000.75,1000.75]->0.499995272492@+0.->[500.,3300.]
input.I[6].O = [1.,1.]->0.00240350124625@+0.->[0.,10.]
vdadd[1].D = [1.,1.]->1.@+0.->[0.,10.]
input.I[3].X = [1.,1.]->1.@+0.->[0.,10.]
input.I[0].O = [1.,1.]->0.547663353747@+0.->[0.,10.]
vtoi[2].X = [0.,0.6]->133.703117935@+0.->[0.,3300.]
input.V[4].X = [0.,0.]->0.547663353747@+0.->[0.,3300.]
switch[3].Kmod = [1.,1.]->0.00240350124625@+0.->[0.0001,10.]
vdadd[1].A = [0.0240543630064,15.6]->0.547663353747@+0.->[0.,3300.]
input.V[1].X = [2.5,2.5]->1.@+0.->[0.,3300.]
input.V[2].X = [0.,0.]->0.547663353747@+0.->[0.,3300.]
vtoi[2].K = [0.0029618,0.0029618]->111418.732786@+0.->[330.,3300.]
input.I[3].O = [1.,1.]->1.@+0.->[0.,10.]
output.V[1].X = [0.,15.6]->0.547663353747@+0.->[0.,3300.]
igenebind[4].K = [1.,1.]->0.91296098063@+0.->[0.,10.]
input.I[4].O = [1.,1.]->1.@+0.->[0.,10.]
input.V[7].X = [0.0029618,0.0029618]->111418.732786@+0.->[0.,3300.]
input.I[5].O = [1.,1.]->0.91296098063@+0.->[0.,10.]
input.I[5].X = [1.,1.]->0.91296098063@+0.->[0.,10.]
input.V[5].X = [0.,0.]->0.547663353747@+0.->[0.,3300.]
ihill_rep[5].Km = [1.,1.]->0.547663353747@+0.->[0.5,10.]
vdadd[0].A = [0.802409638554,13.32]->0.547663353747@+0.->[0.,3300.]
vdadd[0].OUT = [0.,13.32]->0.547663353747@+0.->[0.,12000.]
vdadd[1].B = [0.,0.]->0.547663353747@+0.->[0.,3300.]
igenebind[4].Vmax = [13.32,13.32]->0.273550875478@+0.->[0.,10.]
output.V[1].O = [0.,15.6]->0.547663353747@+0.->[0.,3300.]
input.I[2].O = [15.6,15.6]->0.547207499745@+0.->[0.,10.]
switch[3].PROD = [0.,15.6]->0.547663353747@+0.->[0.,10.]
input.I[6].X = [1.,1.]->0.00240350124625@+0.->[0.,10.]
input.I[2].X = [15.6,15.6]->0.547207499745@+0.->[0.,10.]
vdadd[0].D = [1.,1.]->1.@+0.->[0.,10.]
input.V[3].O = [0.,0.]->0.547663353747@+0.->[0.,3300.]
vtoi[2].Y = [0.,202.579512459]->0.00120000574152@+0.->[0.,10.]
input.V[2].O = [0.,0.]->0.547663353747@+0.->[0.,3300.]
ihill_rep[5].n = [2.5,2.5]->1.@+0.->[1.,3.]
input.I[4].X = [1.,1.]->1.@+0.->[0.,10.]
ihill_rep[5].S = [0.,13.32]->0.547663353747@+0.->[0.,10.]
output.V[0].X = [0.,13.32]->0.547663353747@+0.->[0.,3300.]
input.I[1].O = [13.32,13.32]->0.273550875478@+0.->[0.,10.]
input.I[1].X = [13.32,13.32]->0.273550875478@+0.->[0.,10.]
switch[3].Vmax = [0.,15.6]->0.547663353747@+0.->[0.,10.]
output.V[0].O = [0.,13.32]->0.547663353747@+0.->[0.,3300.]
vdadd[0].B = [0.,0.]->0.547663353747@+0.->[0.,3300.]
input.V[1].O = [2.5,2.5]->1.@+0.->[0.,3300.]
input.V[3].X = [0.,0.]->0.547663353747@+0.->[0.,3300.]
input.V[6].X = [1000.75,1000.75]->0.499995272492@+0.->[0.,3300.]
input.V[7].O = [0.0029618,0.0029618]->111418.732786@+0.->[0.,3300.]
switch[3].SUB = [0.,202.579512459]->0.00120000574152@+0.->[0.,10.]
vdadd[1].OUT_0 = [0.,0.]->0.547663353747@+0.->[0.,3300.]
input.I[0].X = [1.,1.]->0.547663353747@+0.->[0.,10.]
ihill_rep[5].Vmax = [15.6,15.6]->0.547207499745@+0.->[0.,10.]
vdadd[1].OUT = [0.,15.6]->0.547663353747@+0.->[0.,12000.]
input.V[0].X = [0.,0.6]->133.703117935@+0.->[0.,3300.]
input.V[0].O = [0.,0.6]->133.703117935@+0.->[0.,3300.]
input.V[5].O = [0.,0.]->0.547663353747@+0.->[0.,3300.]
input.V[4].O = [0.,0.]->0.547663353747@+0.->[0.,3300.]
input.V[6].O = [1000.75,1000.75]->0.499995272492@+0.->[0.,3300.]

