vdadd[3].OUT = [0.,13.32]->0.612030218992@+0.->[0.,12000.]
vdadd[3].A = [0.802409638554,13.32]->0.612030218992@+0.->[0.,3300.]
vdadd[3].B = [0.,0.]->0.612030218992@+0.->[0.,3300.]
input.I[6].O = [1.,1.]->1.@+0.->[0.,10.]
switch[5].n = [1000.75,1000.75]->0.500308362478@+0.->[500.,3300.]
input.I[3].X = [1.,1.]->1.634765625@+0.->[0.,10.]
input.I[0].O = [1.,1.]->0.612030218992@+0.->[0.,10.]
input.V[4].X = [0.,0.]->0.612030218992@+0.->[0.,3300.]
switch[5].SUB = [0.,202.579512459]->0.00120000574152@+0.->[0.,10.]
input.V[1].X = [2.5,2.5]->1.@+0.->[0.,3300.]
input.V[2].X = [0.,0.]->0.612030218992@+0.->[0.,3300.]
input.I[3].O = [1.,1.]->1.634765625@+0.->[0.,10.]
output.V[1].X = [0.,15.6]->0.612030218992@+0.->[0.,3300.]
input.I[4].O = [1.,1.]->1.@+0.->[0.,10.]
input.V[7].X = [0.0029618,0.0029618]->111418.732786@+0.->[0.,3300.]
input.I[5].O = [1.,1.]->0.00240181149165@+0.->[0.,10.]
input.I[5].X = [1.,1.]->0.00240181149165@+0.->[0.,10.]
input.V[5].X = [0.,0.]->0.612030218992@+0.->[0.,3300.]
ihill_rep[0].Vmax = [15.6,15.6]->0.611934744504@+0.->[0.,10.]
output.V[1].O = [0.,15.6]->0.612030218992@+0.->[0.,3300.]
input.I[2].O = [15.6,15.6]->0.611934744504@+0.->[0.,10.]
vdadd[2].A = [0.0240543630064,15.6]->0.612030218992@+0.->[0.,3300.]
switch[5].Vmax = [0.,15.6]->0.612030218992@+0.->[0.,10.]
vtoi[4].X = [0.,0.6]->133.703117935@+0.->[0.,3300.]
input.I[6].X = [1.,1.]->1.@+0.->[0.,10.]
input.I[2].X = [15.6,15.6]->0.611934744504@+0.->[0.,10.]
input.V[3].O = [0.,0.]->0.612030218992@+0.->[0.,3300.]
input.V[2].O = [0.,0.]->0.612030218992@+0.->[0.,3300.]
input.I[4].X = [1.,1.]->1.@+0.->[0.,10.]
output.V[0].X = [0.,13.32]->0.612030218992@+0.->[0.,3300.]
input.I[1].O = [13.32,13.32]->0.61189438423@+0.->[0.,10.]
vdadd[3].D = [1.,1.]->1.@+0.->[0.,10.]
vdadd[2].OUT = [0.,15.6]->0.612030218992@+0.->[0.,12000.]
input.I[1].X = [13.32,13.32]->0.61189438423@+0.->[0.,10.]
igenebind[1].Vmax = [13.32,13.32]->0.61189438423@+0.->[0.,10.]
output.V[0].O = [0.,13.32]->0.612030218992@+0.->[0.,3300.]
input.V[1].O = [2.5,2.5]->1.@+0.->[0.,3300.]
input.V[3].X = [0.,0.]->0.612030218992@+0.->[0.,3300.]
input.V[6].X = [1000.75,1000.75]->0.500308362478@+0.->[0.,3300.]
input.V[7].O = [0.0029618,0.0029618]->111418.732786@+0.->[0.,3300.]
ihill_rep[0].REP = [0.0240543630064,15.6]->0.612030218992@+0.->[0.,80000.]
igenebind[1].TF = [1.,1.]->1.634765625@+0.->[0.,10.]
vtoi[4].K = [0.0029618,0.0029618]->111418.732786@+0.->[330.,3300.]
input.I[0].X = [1.,1.]->0.612030218992@+0.->[0.,10.]
ihill_rep[0].S = [0.,13.32]->0.612030218992@+0.->[0.,10.]
igenebind[1].GE = [0.802409638554,13.32]->0.612030218992@+0.->[0.,10.]
ihill_rep[0].Km = [1.,1.]->0.612030218992@+0.->[0.5,10.]
vdadd[2].B = [0.,0.]->0.612030218992@+0.->[0.,3300.]
vdadd[2].D = [1.,1.]->1.@+0.->[0.,10.]
switch[5].Kmod = [1.,1.]->0.00240181149165@+0.->[0.0001,10.]
switch[5].PROD = [0.,15.6]->0.612030218992@+0.->[0.,10.]
input.V[0].X = [0.,0.6]->133.703117935@+0.->[0.,3300.]
input.V[0].O = [0.,0.6]->133.703117935@+0.->[0.,3300.]
vdadd[3].OUT_0 = [0.,0.]->0.612030218992@+0.->[0.,3300.]
input.V[5].O = [0.,0.]->0.612030218992@+0.->[0.,3300.]
input.V[4].O = [0.,0.]->0.612030218992@+0.->[0.,3300.]
input.V[6].O = [1000.75,1000.75]->0.500308362478@+0.->[0.,3300.]
vdadd[2].OUT_0 = [0.,0.]->0.612030218992@+0.->[0.,3300.]
igenebind[1].K = [0.,15.6]->0.612030218992@+0.->[0.,10.]
ihill_rep[0].n = [2.5,2.5]->1.@+0.->[1.,3.]
vtoi[4].Y = [0.,202.579512459]->0.00120000574152@+0.->[0.,10.]

