input.I[0].O = [0.0001,0.0001]->6.80014776098@+0.->[0.,10.]
mm[0].Ytot = [6800.,6800.]->0.147058823529@+0.->[0.0001,1000.]
input.V[1].X = [0.,0.]->0.147058823529@+0.->[0.,3300.]
mm[0].kr = [0.01,0.01]->1.@+0.->[0.0001,1.]
input.V[2].X = [6800.,6800.]->0.147058823529@+0.->[0.,3300.]
mm[0].kf = [0.0001,0.0001]->6.80014776098@+0.->[0.0001,0.01]
output.V[1].X = [0.,6800.]->0.147058823529@+0.->[0.,3300.]
mm[0].Y = [0.,6800.]->0.147058823529@+0.->[-3199.9999,1000.]
mm[0].X = [0.,4400.]->0.147058823529@+0.->[-3199.9999,1000.]
mm[0].XY0 = [0.,0.]->0.147058823529@+0.->[0.,600.]
output.V[1].O = [0.,6800.]->0.147058823529@+0.->[0.,3300.]
input.V[2].O = [6800.,6800.]->0.147058823529@+0.->[0.,3300.]
output.V[0].X = [0.,4400.]->0.147058823529@+0.->[0.,3300.]
output.V[2].X = [0.,4400.]->0.147058823529@+0.->[0.,3300.]
input.I[1].O = [0.01,0.01]->1.@+0.->[0.,10.]
input.I[1].X = [0.01,0.01]->1.@+0.->[0.,10.]
output.V[0].O = [0.,4400.]->0.147058823529@+0.->[0.,3300.]
input.V[1].O = [0.,0.]->0.147058823529@+0.->[0.,3300.]
mm[0].Xtot = [4400.,4400.]->0.147058823529@+0.->[0.0001,1000.]
mm[0].XY = [0.,4400.]->0.147058823529@+0.->[0.,3200.]
input.I[0].X = [0.0001,0.0001]->6.80014776098@+0.->[0.,10.]
output.V[2].O = [0.,4400.]->0.147058823529@+0.->[0.,3300.]
input.V[0].X = [4400.,4400.]->0.147058823529@+0.->[0.,3300.]
input.V[0].O = [4400.,4400.]->0.147058823529@+0.->[0.,3300.]

